{
 "cells": [
  {
   "cell_type": "markdown",
   "metadata": {},
   "source": [
    "## Solvers' Testing"
   ]
  },
  {
   "cell_type": "code",
   "execution_count": 1,
   "metadata": {},
   "outputs": [
    {
     "data": {
      "text/plain": [
       "4-element Array{String,1}:\n",
       " \"@\"      \n",
       " \"@v#.#\"  \n",
       " \"@stdlib\"\n",
       " \"../src/\""
      ]
     },
     "execution_count": 1,
     "metadata": {},
     "output_type": "execute_result"
    }
   ],
   "source": [
    "# Add locations of modules\n",
    "push!(LOAD_PATH, \"../src/\")"
   ]
  },
  {
   "cell_type": "markdown",
   "metadata": {},
   "source": [
    "## Random Regular Graphs"
   ]
  },
  {
   "cell_type": "code",
   "execution_count": 2,
   "metadata": {},
   "outputs": [],
   "source": [
    "using Revise\n",
    "import Random"
   ]
  },
  {
   "cell_type": "code",
   "execution_count": 4,
   "metadata": {},
   "outputs": [
    {
     "name": "stderr",
     "output_type": "stream",
     "text": [
      "┌ Info: Precompiling GraphicalModelLearning [73787735-dbe8-5e05-9488-dc58b1b075d0]\n",
      "└ @ Base loading.jl:1192\n",
      "┌ Info: Recompiling stale cache file /Users/gogol/.julia/compiled/v1.0/LightGraphs/Xm08G.ji for LightGraphs [093fc24a-ae57-5d10-9952-331d41423f4d]\n",
      "└ @ Base loading.jl:1190\n"
     ]
    }
   ],
   "source": [
    "using GraphicalModelLearning\n",
    "using LightGraphs\n",
    "#using Junet"
   ]
  },
  {
   "cell_type": "code",
   "execution_count": 5,
   "metadata": {},
   "outputs": [
    {
     "name": "stdout",
     "output_type": "stream",
     "text": [
      "  0.288289 seconds (712.09 k allocations: 36.171 MiB, 2.33% gc time)\n"
     ]
    },
    {
     "data": {
      "text/plain": [
       "{8, 12} undirected simple Int64 graph"
      ]
     },
     "execution_count": 5,
     "metadata": {},
     "output_type": "execute_result"
    }
   ],
   "source": [
    "@time rand_reg_gm = random_regular_graph(8,3)"
   ]
  },
  {
   "cell_type": "code",
   "execution_count": 31,
   "metadata": {},
   "outputs": [
    {
     "name": "stderr",
     "output_type": "stream",
     "text": [
      "┌ Warning: Due to a previously reported error, the running code does not match saved version for the following files:\n",
      "│   /Users/gogol/.julia/packages/StaticArrays/1g9bq/src/inv.jl\n",
      "│   /Users/gogol/.julia/packages/StaticArrays/1g9bq/src/eigen.jl\n",
      "└ @ Revise /Users/gogol/.julia/packages/Revise/2NCCI/src/Revise.jl:625\n"
     ]
    },
    {
     "data": {
      "text/plain": [
       "8×8 SparseArrays.SparseMatrixCSC{Int64,Int64} with 24 stored entries:\n",
       "  [4, 1]  =  1\n",
       "  [6, 1]  =  1\n",
       "  [7, 1]  =  1\n",
       "  [5, 2]  =  1\n",
       "  [6, 2]  =  1\n",
       "  [8, 2]  =  1\n",
       "  [4, 3]  =  1\n",
       "  [6, 3]  =  1\n",
       "  [7, 3]  =  1\n",
       "  [1, 4]  =  1\n",
       "  [3, 4]  =  1\n",
       "  [5, 4]  =  1\n",
       "  [2, 5]  =  1\n",
       "  [4, 5]  =  1\n",
       "  [8, 5]  =  1\n",
       "  [1, 6]  =  1\n",
       "  [2, 6]  =  1\n",
       "  [3, 6]  =  1\n",
       "  [1, 7]  =  1\n",
       "  [3, 7]  =  1\n",
       "  [8, 7]  =  1\n",
       "  [2, 8]  =  1\n",
       "  [5, 8]  =  1\n",
       "  [7, 8]  =  1"
      ]
     },
     "execution_count": 31,
     "metadata": {},
     "output_type": "execute_result"
    }
   ],
   "source": [
    "adj_matrix = adjacency_matrix(rand_reg_gm)"
   ]
  },
  {
   "cell_type": "code",
   "execution_count": 32,
   "metadata": {},
   "outputs": [
    {
     "name": "stderr",
     "output_type": "stream",
     "text": [
      "┌ Warning: Due to a previously reported error, the running code does not match saved version for the following files:\n",
      "│   /Users/gogol/.julia/packages/StaticArrays/1g9bq/src/inv.jl\n",
      "│   /Users/gogol/.julia/packages/StaticArrays/1g9bq/src/eigen.jl\n",
      "└ @ Revise /Users/gogol/.julia/packages/Revise/2NCCI/src/Revise.jl:625\n"
     ]
    },
    {
     "data": {
      "text/plain": [
       "8×8 Array{Int64,2}:\n",
       " 0  0  0  1  0  1  1  0\n",
       " 0  0  0  0  1  1  0  1\n",
       " 0  0  0  1  0  1  1  0\n",
       " 1  0  1  0  1  0  0  0\n",
       " 0  1  0  1  0  0  0  1\n",
       " 1  1  1  0  0  0  0  0\n",
       " 1  0  1  0  0  0  0  1\n",
       " 0  1  0  0  1  0  1  0"
      ]
     },
     "execution_count": 32,
     "metadata": {},
     "output_type": "execute_result"
    }
   ],
   "source": [
    "adj_matrix = Matrix(adj_matrix)"
   ]
  },
  {
   "cell_type": "code",
   "execution_count": 33,
   "metadata": {},
   "outputs": [
    {
     "name": "stderr",
     "output_type": "stream",
     "text": [
      "┌ Warning: Due to a previously reported error, the running code does not match saved version for the following files:\n",
      "│   /Users/gogol/.julia/packages/StaticArrays/1g9bq/src/inv.jl\n",
      "│   /Users/gogol/.julia/packages/StaticArrays/1g9bq/src/eigen.jl\n",
      "└ @ Revise /Users/gogol/.julia/packages/Revise/2NCCI/src/Revise.jl:625\n",
      "┌ Info: assuming spin alphabet\n",
      "└ @ GraphicalModelLearning /Users/gogol/Dropbox (Personal)/Research/LANL/Code/GML_Glauber_Dynamics.jl/src/models.jl:108\n",
      "┌ Info: using Glauber dynamics v1 to generate samples\n",
      "└ @ GraphicalModelLearning /Users/gogol/Dropbox (Personal)/Research/LANL/Code/GML_Glauber_Dynamics.jl/src/sampling.jl:262\n",
      "┌ Info: using Glauber dynamics v1 to generate T-regime samples\n",
      "└ @ GraphicalModelLearning /Users/gogol/Dropbox (Personal)/Research/LANL/Code/GML_Glauber_Dynamics.jl/src/sampling.jl:328\n"
     ]
    },
    {
     "name": "stdout",
     "output_type": "stream",
     "text": [
      "0.000547637\n",
      "0.030056286\n",
      "0.079208523\n"
     ]
    }
   ],
   "source": [
    "# Number of samples\n",
    "n_samples = 10000\n",
    "\n",
    "# Regular sampling\n",
    "model = FactorGraph(adj_matrix)\n",
    "t1 = @elapsed samples1 = sample(model, n_samples)\n",
    "\n",
    "# Sample using the Gibbs Sampler\n",
    "t2 = @elapsed samples_time_series, nodes_updated_time_series = gibbs_sampling(model, n_samples)\n",
    "\n",
    "# T-regime sampling\n",
    "t3 = @elapsed samples_T, samples_mixed = gibbs_sampling(model, n_samples, T_regime())\n",
    "\n",
    "println(t1)\n",
    "println(t2)\n",
    "println(t3)"
   ]
  },
  {
   "cell_type": "code",
   "execution_count": 34,
   "metadata": {},
   "outputs": [
    {
     "name": "stderr",
     "output_type": "stream",
     "text": [
      "┌ Warning: Due to a previously reported error, the running code does not match saved version for the following files:\n",
      "│   /Users/gogol/.julia/packages/StaticArrays/1g9bq/src/inv.jl\n",
      "│   /Users/gogol/.julia/packages/StaticArrays/1g9bq/src/eigen.jl\n",
      "└ @ Revise /Users/gogol/.julia/packages/Revise/2NCCI/src/Revise.jl:625\n"
     ]
    },
    {
     "data": {
      "text/plain": [
       "117-element Array{Float64,1}:\n",
       " 0.0005000500050005    \n",
       " 0.00010001000100010001\n",
       " 0.00010001000100010001\n",
       " 0.00010001000100010001\n",
       " 0.00030003000300030005\n",
       " 0.12041204120412041   \n",
       " 0.00010001000100010001\n",
       " 0.00010001000100010001\n",
       " 0.00010001000100010001\n",
       " 0.00020002000200020003\n",
       " 0.00020002000200020003\n",
       " 0.00020002000200020003\n",
       " 0.00010001000100010001\n",
       " ⋮                     \n",
       " 0.00010001000100010001\n",
       " 0.00010001000100010001\n",
       " 0.00030003000300030005\n",
       " 0.00020002000200020003\n",
       " 0.00020002000200020003\n",
       " 0.00040004000400040005\n",
       " 0.00010001000100010001\n",
       " 0.00010001000100010001\n",
       " 0.00010001000100010001\n",
       " 0.0009000900090009    \n",
       " 0.00010001000100010001\n",
       " 0.0007000700070007    "
      ]
     },
     "execution_count": 34,
     "metadata": {},
     "output_type": "execute_result"
    }
   ],
   "source": [
    "samples_T[:,1]/sum(samples_T[:,1])"
   ]
  },
  {
   "cell_type": "code",
   "execution_count": 19,
   "metadata": {},
   "outputs": [
    {
     "name": "stderr",
     "output_type": "stream",
     "text": [
      "┌ Warning: Due to a previously reported error, the running code does not match saved version for the following files:\n",
      "│   /Users/gogol/.julia/packages/StaticArrays/1g9bq/src/inv.jl\n",
      "│   /Users/gogol/.julia/packages/StaticArrays/1g9bq/src/eigen.jl\n",
      "└ @ Revise /Users/gogol/.julia/packages/Revise/2NCCI/src/Revise.jl:625\n"
     ]
    },
    {
     "data": {
      "text/plain": [
       "170-element Array{Float64,1}:\n",
       " 0.0001\n",
       " 0.0001\n",
       " 0.0007\n",
       " 0.0013\n",
       " 0.0002\n",
       " 0.0009\n",
       " 0.0002\n",
       " 0.0001\n",
       " 0.0001\n",
       " 0.0001\n",
       " 0.0001\n",
       " 0.0002\n",
       " 0.0001\n",
       " ⋮     \n",
       " 0.0001\n",
       " 0.0001\n",
       " 0.0009\n",
       " 0.0009\n",
       " 0.0001\n",
       " 0.0001\n",
       " 0.0002\n",
       " 0.001 \n",
       " 0.0003\n",
       " 0.0001\n",
       " 0.0012\n",
       " 0.0001"
      ]
     },
     "execution_count": 19,
     "metadata": {},
     "output_type": "execute_result"
    }
   ],
   "source": [
    "samples1[:,1]/sum(samples1[:,1])"
   ]
  },
  {
   "cell_type": "markdown",
   "metadata": {},
   "source": [
    "### Learning on iid samples"
   ]
  },
  {
   "cell_type": "code",
   "execution_count": 19,
   "metadata": {
    "scrolled": true
   },
   "outputs": [
    {
     "name": "stdout",
     "output_type": "stream",
     "text": [
      "\n",
      "******************************************************************************\n",
      "This program contains Ipopt, a library for large-scale nonlinear optimization.\n",
      " Ipopt is released as open source code under the Eclipse Public License (EPL).\n",
      "         For more information visit http://projects.coin-or.org/Ipopt\n",
      "******************************************************************************\n",
      "\n",
      "  8.047059 seconds (5.29 M allocations: 268.768 MiB, 1.39% gc time)\n",
      "  0.095808 seconds (64.97 k allocations: 6.232 MiB)\n"
     ]
    },
    {
     "name": "stderr",
     "output_type": "stream",
     "text": [
      "\u001b[1m\u001b[36mINFO: \u001b[39m\u001b[22m\u001b[36musing coordinate gradient solver for RISE\n",
      "\u001b[39m"
     ]
    },
    {
     "name": "stdout",
     "output_type": "stream",
     "text": [
      "  2.584218 seconds (2.16 M allocations: 72.799 MiB, 1.13% gc time)\n"
     ]
    },
    {
     "name": "stderr",
     "output_type": "stream",
     "text": [
      "\u001b[1m\u001b[36mINFO: \u001b[39m\u001b[22m\u001b[36musing coordinate gradient solver for RISE\n",
      "\u001b[39m"
     ]
    },
    {
     "name": "stdout",
     "output_type": "stream",
     "text": [
      "  0.162536 seconds (2.53 M allocations: 45.543 MiB, 9.48% gc time)\n"
     ]
    },
    {
     "name": "stderr",
     "output_type": "stream",
     "text": [
      "\u001b[1m\u001b[36mINFO: \u001b[39m\u001b[22m\u001b[36musing coordinate gradient solver for RPLE\n",
      "\u001b[39m"
     ]
    },
    {
     "name": "stdout",
     "output_type": "stream",
     "text": [
      "  0.420464 seconds (1.92 M allocations: 40.500 MiB, 3.64% gc time)\n"
     ]
    },
    {
     "name": "stderr",
     "output_type": "stream",
     "text": [
      "\u001b[1m\u001b[36mINFO: \u001b[39m\u001b[22m\u001b[36musing coordinate gradient solver for RPLE\n",
      "\u001b[39m"
     ]
    },
    {
     "name": "stdout",
     "output_type": "stream",
     "text": [
      "  0.185423 seconds (2.90 M allocations: 53.846 MiB, 12.45% gc time)\n"
     ]
    },
    {
     "name": "stderr",
     "output_type": "stream",
     "text": [
      "\u001b[1m\u001b[36mINFO: \u001b[39m\u001b[22m\u001b[36musing coordinate gradient solver for logRISE\n",
      "\u001b[39m"
     ]
    },
    {
     "name": "stdout",
     "output_type": "stream",
     "text": [
      "  0.453969 seconds (1.92 M allocations: 38.892 MiB, 3.87% gc time)\n"
     ]
    },
    {
     "name": "stderr",
     "output_type": "stream",
     "text": [
      "\u001b[1m\u001b[36mINFO: \u001b[39m\u001b[22m\u001b[36musing coordinate gradient solver for logRISE\n",
      "\u001b[39m"
     ]
    },
    {
     "name": "stdout",
     "output_type": "stream",
     "text": [
      "  0.162225 seconds (3.66 M allocations: 62.366 MiB, 9.44% gc time)\n",
      "[0.227245 0.919767 1.038 2.50409e-7 0.987622 3.6009e-7 6.8341e-7 9.79434e-7; 0.919767 -0.0985186 0.908888 7.29949e-7 0.0511394 0.735251 1.18592e-6 0.00736873; 1.038 0.908888 -0.115607 1.00851e-7 0.884759 0.313083 0.0852148 6.8941e-7; 2.50409e-7 7.29949e-7 1.00851e-7 -0.0679804 0.241231 1.20144 0.862605 1.01935; 0.987622 0.0511394 0.884759 0.241231 0.0717132 4.39215e-7 0.751784 1.14434e-6; 3.6009e-7 0.735251 0.313083 1.20144 4.39215e-7 0.104493 8.35195e-7 0.85966; 6.8341e-7 1.18592e-6 0.0852148 0.862605 0.751784 8.35195e-7 0.0256249 1.01544; 9.79434e-7 0.00736873 6.8941e-7 1.01935 1.14434e-6 0.85966 1.01544 -0.0960668]\n",
      "[0.0338049 0.641332 1.14101 0.0915603 0.71679 2.52202e-7 0.071581 1.22996e-6; 0.641332 0.0627001 1.32795 0.146807 1.14754e-6 0.8086 2.47552e-7 1.72283e-5; 1.14101 1.32795 0.00138725 1.24131e-6 0.895039 2.70306e-7 2.38754e-7 2.46593e-7; 0.0915603 0.146807 1.24131e-6 0.0967431 5.4848e-7 1.0017 0.68411 1.03425; 0.71679 1.14754e-6 0.895039 5.4848e-7 -0.228712 0.178207 0.858164 0.0539605; 2.52202e-7 0.8086 2.70306e-7 1.0017 0.178207 0.114572 0.33736 0.685049; 0.071581 2.47552e-7 2.38754e-7 0.68411 0.858164 0.33736 -0.00884926 0.969821; 1.22996e-6 1.72283e-5 2.46593e-7 1.03425 0.0539605 0.685049 0.969821 -0.20614]\n",
      "[0.0689051 0.493706 0.785699 0.294064 0.392766 0.0921333 0.436821 0.188166; 0.493706 0.0 0.791101 0.178277 0.334138 0.290403 0.145627 0.305192; 0.785699 0.791101 0.0 0.023251 0.47665 0.401594 0.310694 0.11734; 0.294064 0.178277 0.023251 0.0 0.389349 0.589749 0.814426 0.618404; 0.392766 0.334138 0.47665 0.389349 0.0 0.463086 0.309963 0.1868; 0.0921333 0.290403 0.401594 0.589749 0.463086 0.0 0.36225 0.617491; 0.436821 0.145627 0.310694 0.814426 0.309963 0.36225 0.0 0.363948; 0.188166 0.305192 0.11734 0.618404 0.1868 0.617491 0.363948 0.0]\n",
      "[0.0 0.601012 0.63847 0.432567 0.560747 0.0337579 0.229877 0.10539; 0.601012 0.0 0.651174 0.228852 0.375564 0.573387 0.174784 0.163; 0.63847 0.651174 0.0 0.451859 0.509681 0.163347 0.134326 0.167733; 0.432567 0.228852 0.451859 0.0 0.0681519 0.524443 0.729042 0.687935; 0.560747 0.375564 0.509681 0.0681519 -0.122942 0.21092 0.416397 0.223; 0.0337579 0.573387 0.163347 0.524443 0.21092 0.0 0.432936 0.523855; 0.229877 0.174784 0.134326 0.729042 0.416397 0.432936 0.0 1.00851; 0.10539 0.163 0.167733 0.687935 0.223 0.523855 1.00851 -0.113446]\n",
      "[0.0 0.309528 0.589556 0.0597416 0.616185 0.412846 0.422754 0.332736; 0.309528 0.0 0.478723 0.186584 0.621555 0.192605 0.108845 0.103433; 0.589556 0.478723 0.0 0.0650725 0.61396 0.117963 0.290571 0.0; 0.0597416 0.186584 0.0650725 0.0 0.161126 0.575261 0.359236 0.750868; 0.616185 0.621555 0.61396 0.161126 0.0 0.103981 0.46302 0.100108; 0.412846 0.192605 0.117963 0.575261 0.103981 0.0 0.37179 0.390881; 0.422754 0.108845 0.290571 0.359236 0.46302 0.37179 0.0 0.461049; 0.332736 0.103433 0.0 0.750868 0.100108 0.390881 0.461049 0.0]\n",
      "[0.0 0.544569 0.59922 0.284514 0.522518 0.0219982 0.131666 0.34511; 0.544569 0.0 0.559265 0.280759 0.364797 0.122603 0.37746 0.126137; 0.59922 0.559265 0.0 0.360177 0.464475 0.123723 0.0950363 0.00134925; 0.284514 0.280759 0.360177 -0.0427702 0.0 0.661651 0.774176 0.535994; 0.522518 0.364797 0.464475 0.0 -0.01391 0.379454 0.174181 0.402064; 0.0219982 0.122603 0.123723 0.661651 0.379454 0.0 0.404239 0.512546; 0.131666 0.37746 0.0950363 0.774176 0.174181 0.404239 0.0 0.358475; 0.34511 0.126137 0.00134925 0.535994 0.402064 0.512546 0.358475 -0.0644762]\n",
      "[0.18557 0.687039 0.818 0.0616729 0.607751 0.195241 0.175204 0.0; 0.687039 -0.0145084 0.74012 0.0 0.515674 0.247422 0.399374 0.517282; 0.818 0.74012 -0.0278515 0.0120873 0.733709 0.221321 0.244023 0.305598; 0.0616729 0.0 0.0120873 -0.0124526 0.161119 1.036 0.73445 1.06682; 0.607751 0.515674 0.733709 0.161119 0.0 0.286489 0.146701 0.361815; 0.195241 0.247422 0.221321 1.036 0.286489 0.0501145 0.370305 0.625256; 0.175204 0.399374 0.244023 0.73445 0.146701 0.370305 0.0 0.652193; 0.0 0.517282 0.305598 1.06682 0.361815 0.625256 0.652193 -0.0382342]\n",
      "[0.0158273 0.796966 0.763059 0.0394099 0.662688 0.0496875 0.0747823 0.196267; 0.796966 0.0184243 1.11354 0.0641118 0.246452 0.708273 0.0 0.263812; 0.763059 1.11354 0.0 0.242711 0.554116 0.0357946 0.339801 0.289796; 0.0394099 0.0641118 0.242711 0.0669349 0.0 0.918165 0.60595 0.973471; 0.662688 0.246452 0.554116 0.0 -0.189561 0.262538 0.32507 0.281311; 0.0496875 0.708273 0.0357946 0.918165 0.262538 0.0861925 0.529162 0.766262; 0.0747823 0.0 0.339801 0.60595 0.32507 0.529162 0.0 0.766721; 0.196267 0.263812 0.289796 0.973471 0.281311 0.766262 0.766721 -0.17103]\n"
     ]
    }
   ],
   "source": [
    "# Can the FactorGraph be recovered?\n",
    "@time learned1 = learn(samples1)\n",
    "@time learned2 = learn(samples2)\n",
    "\n",
    "@time learned_cgd_rise1 = learn_cgd(samples1)\n",
    "@time learned_cgd_rise2 = learn_cgd(samples2)\n",
    "\n",
    "@time learned_cgd_rple1 = learn_cgd(samples1, RPLE())\n",
    "@time learned_cgd_rple2 = learn_cgd(samples2, RPLE())\n",
    "\n",
    "@time learned_cgd_logrise1 = learn_cgd(samples1, logRISE())\n",
    "@time learned_cgd_logrise2 = learn_cgd(samples2, logRISE())\n",
    "\n",
    "println(learned1)\n",
    "println(learned2)\n",
    "\n",
    "println(learned_cgd_rise1)\n",
    "println(learned_cgd_rise2)\n",
    "\n",
    "println(learned_cgd_rple1)\n",
    "println(learned_cgd_rple2)\n",
    "\n",
    "println(learned_cgd_logrise1)\n",
    "println(learned_cgd_logrise2)"
   ]
  },
  {
   "cell_type": "code",
   "execution_count": 20,
   "metadata": {},
   "outputs": [
    {
     "name": "stderr",
     "output_type": "stream",
     "text": [
      "\u001b[1m\u001b[36mINFO: \u001b[39m\u001b[22m\u001b[36musing coordinate descent solver for RISE\n",
      "\u001b[39m"
     ]
    },
    {
     "name": "stdout",
     "output_type": "stream",
     "text": [
      "  0.506154 seconds (1.01 M allocations: 25.020 MiB, 3.29% gc time)\n",
      "  0.026592 seconds (839.85 k allocations: 13.280 MiB)\n"
     ]
    },
    {
     "name": "stderr",
     "output_type": "stream",
     "text": [
      "\u001b[1m\u001b[36mINFO: \u001b[39m\u001b[22m\u001b[36musing coordinate descent solver for RISE\n",
      "\u001b[39m"
     ]
    },
    {
     "name": "stdout",
     "output_type": "stream",
     "text": [
      "  0.455566 seconds (1.54 M allocations: 31.679 MiB, 3.63% gc time)\n",
      "  0.074698 seconds (1.97 M allocations: 31.025 MiB, 10.88% gc time)\n"
     ]
    },
    {
     "name": "stderr",
     "output_type": "stream",
     "text": [
      "\u001b[1m\u001b[36mINFO: \u001b[39m\u001b[22m\u001b[36musing coordinate descent solver for logRISE\n",
      "\u001b[39m\u001b[1m\u001b[36mINFO: \u001b[39m\u001b[22m\u001b[36musing coordinate descent solver for logRISE\n",
      "\u001b[39m"
     ]
    },
    {
     "data": {
      "text/plain": [
       "8×8 Array{Float64,2}:\n",
       "  0.0611545   0.7515       1.2258      …   0.302001    -0.0914953 \n",
       "  0.7515      0.103463     1.32034        -0.172457     0.00285716\n",
       "  1.2258      1.32034      0.0281853       0.158962    -0.206997  \n",
       "  0.36289     0.367635     0.00239359      0.562663     0.897943  \n",
       "  0.71081     0.0900269    0.824706        0.689886     0.285437  \n",
       " -0.0356429   0.583505    -0.0495673   …   0.347584     1.07435   \n",
       "  0.302001   -0.172457     0.158962        0.00452694   0.922803  \n",
       " -0.0914953   0.00285716  -0.206997        0.922803    -0.214514  "
      ]
     },
     "execution_count": 20,
     "metadata": {},
     "output_type": "execute_result"
    }
   ],
   "source": [
    "@time learned_cd_rise1 = learn(samples1, RISE(), CD(1e-12))\n",
    "@time learned_cd_rise2 = learn(samples2, RISE(), CD(1e-12))\n",
    "\n",
    "@time learned_cd_rise1 = learn(samples1, logRISE(), CD(1e-12))\n",
    "@time learned_cd_rise2 = learn(samples2, logRISE(), CD(1e-12))\n",
    "\n",
    "#println(learned_cd_rise1)\n",
    "#println(learned_cd_rise2)"
   ]
  },
  {
   "cell_type": "markdown",
   "metadata": {},
   "source": [
    "### Learning on correlated samples -- T-regime"
   ]
  },
  {
   "cell_type": "code",
   "execution_count": 35,
   "metadata": {},
   "outputs": [
    {
     "name": "stderr",
     "output_type": "stream",
     "text": [
      "┌ Warning: Due to a previously reported error, the running code does not match saved version for the following files:\n",
      "│   /Users/gogol/.julia/packages/StaticArrays/1g9bq/src/inv.jl\n",
      "│   /Users/gogol/.julia/packages/StaticArrays/1g9bq/src/eigen.jl\n",
      "└ @ Revise /Users/gogol/.julia/packages/Revise/2NCCI/src/Revise.jl:625\n",
      "┌ Info: assuming spin alphabet\n",
      "└ @ GraphicalModelLearning /Users/gogol/Dropbox (Personal)/Research/LANL/Code/GML_Glauber_Dynamics.jl/src/models.jl:108\n",
      "┌ Info: using Glauber dynamics v1 to generate T-regime samples\n",
      "└ @ GraphicalModelLearning /Users/gogol/Dropbox (Personal)/Research/LANL/Code/GML_Glauber_Dynamics.jl/src/sampling.jl:328\n"
     ]
    },
    {
     "name": "stdout",
     "output_type": "stream",
     "text": [
      "Done sampling"
     ]
    }
   ],
   "source": [
    "using GraphicalModelLearning\n",
    "\n",
    "Random.seed!(0)\n",
    "\n",
    "# Define Graphical Model\n",
    "model = FactorGraph(adj_matrix)\n",
    "n_samples = 10000\n",
    "\n",
    "# Gibbs Samples\n",
    "samples_T, samples_mixed = gibbs_sampling(model, n_samples, T_regime())\n",
    "\n",
    "print(\"Done sampling\")"
   ]
  },
  {
   "cell_type": "code",
   "execution_count": 36,
   "metadata": {},
   "outputs": [
    {
     "name": "stderr",
     "output_type": "stream",
     "text": [
      "┌ Warning: Due to a previously reported error, the running code does not match saved version for the following files:\n",
      "│   /Users/gogol/.julia/packages/StaticArrays/1g9bq/src/inv.jl\n",
      "│   /Users/gogol/.julia/packages/StaticArrays/1g9bq/src/eigen.jl\n",
      "└ @ Revise /Users/gogol/.julia/packages/Revise/2NCCI/src/Revise.jl:625\n"
     ]
    },
    {
     "data": {
      "text/plain": [
       "145×18 Array{Int64,2}:\n",
       "    2  7  -1  -1  -1  -1  -1   1  -1  -1  -1  -1  -1  -1  -1   1  -1  -1\n",
       "    1  1  -1   1  -1  -1   1  -1  -1   1  -1   1  -1  -1   1  -1  -1   1\n",
       "    1  4   1  -1  -1  -1  -1  -1  -1  -1   1  -1  -1  -1  -1  -1  -1  -1\n",
       "    4  4  -1  -1  -1  -1  -1  -1  -1  -1  -1  -1  -1   1  -1  -1  -1  -1\n",
       "    4  3  -1  -1  -1  -1  -1  -1  -1  -1  -1  -1   1  -1  -1  -1  -1  -1\n",
       "    2  6  -1  -1  -1  -1   1  -1  -1  -1  -1  -1  -1  -1   1  -1  -1  -1\n",
       "    5  3  -1  -1  -1  -1  -1  -1   1  -1  -1  -1  -1  -1  -1  -1   1  -1\n",
       "    1  7   1  -1   1  -1  -1   1  -1  -1   1  -1   1  -1  -1   1   1  -1\n",
       "    2  4  -1  -1  -1  -1  -1  -1   1  -1  -1  -1  -1  -1  -1  -1   1  -1\n",
       " 1207  8  -1  -1  -1  -1  -1  -1  -1  -1  -1  -1  -1  -1  -1  -1  -1  -1\n",
       "    1  1  -1  -1  -1  -1   1  -1  -1  -1  -1  -1  -1  -1   1  -1  -1  -1\n",
       "    1  2  -1  -1   1   1  -1   1  -1  -1  -1  -1   1   1  -1   1  -1  -1\n",
       "    5  5  -1  -1   1  -1  -1  -1  -1  -1  -1  -1   1  -1  -1  -1  -1  -1\n",
       "    ⋮                  ⋮                   ⋮                   ⋮        \n",
       "    1  5  -1  -1  -1   1  -1  -1  -1  -1  -1  -1  -1   1   1  -1  -1  -1\n",
       "    1  5  -1   1  -1  -1   1  -1  -1   1  -1   1  -1  -1   1  -1  -1   1\n",
       "    2  6   1  -1   1  -1  -1   1   1  -1   1  -1   1  -1  -1   1   1  -1\n",
       "    2  4  -1  -1  -1  -1  -1   1  -1  -1  -1  -1  -1  -1  -1   1  -1  -1\n",
       "    2  7  -1  -1   1  -1  -1  -1  -1  -1  -1  -1   1  -1  -1  -1   1  -1\n",
       "    1  8  -1  -1  -1   1   1  -1  -1  -1  -1  -1  -1   1   1  -1  -1  -1\n",
       "    4  4  -1  -1   1  -1  -1  -1   1  -1  -1  -1   1  -1  -1  -1   1  -1\n",
       "    1  6   1  -1  -1  -1  -1  -1  -1  -1   1  -1  -1  -1  -1  -1  -1  -1\n",
       "    1  1  -1  -1  -1   1   1  -1  -1  -1   1  -1  -1   1   1  -1  -1  -1\n",
       "    1  6  -1  -1   1   1  -1   1  -1  -1  -1  -1   1   1  -1  -1  -1  -1\n",
       "    1  2  -1  -1  -1  -1  -1   1   1   1  -1   1  -1  -1  -1   1   1   1\n",
       "    7  2  -1  -1  -1   1  -1  -1  -1  -1  -1  -1  -1   1  -1  -1  -1  -1"
      ]
     },
     "execution_count": 36,
     "metadata": {},
     "output_type": "execute_result"
    }
   ],
   "source": [
    "samples_T"
   ]
  },
  {
   "cell_type": "code",
   "execution_count": 37,
   "metadata": {},
   "outputs": [
    {
     "name": "stderr",
     "output_type": "stream",
     "text": [
      "┌ Warning: Due to a previously reported error, the running code does not match saved version for the following files:\n",
      "│   /Users/gogol/.julia/packages/StaticArrays/1g9bq/src/inv.jl\n",
      "│   /Users/gogol/.julia/packages/StaticArrays/1g9bq/src/eigen.jl\n",
      "└ @ Revise /Users/gogol/.julia/packages/Revise/2NCCI/src/Revise.jl:625\n"
     ]
    },
    {
     "data": {
      "text/plain": [
       "27×9 LinearAlgebra.Adjoint{Int64,Array{Int64,2}}:\n",
       "    5   1  -1  -1  -1  -1  -1  -1  -1\n",
       "   19  -1  -1   1  -1  -1  -1   1  -1\n",
       "   24  -1  -1  -1  -1  -1   1  -1  -1\n",
       "    1   1  -1   1  -1  -1   1   1   1\n",
       "   22  -1   1  -1  -1  -1  -1  -1  -1\n",
       "    7   1  -1   1  -1  -1   1   1  -1\n",
       "    4  -1   1  -1  -1  -1   1   1   1\n",
       "    7  -1  -1  -1  -1   1  -1  -1  -1\n",
       " 9709  -1  -1  -1  -1  -1  -1  -1  -1\n",
       "    3  -1  -1  -1  -1  -1  -1  -1   1\n",
       "    2   1  -1  -1   1   1  -1  -1  -1\n",
       "    7  -1   1  -1  -1  -1   1  -1  -1\n",
       "   14  -1   1  -1  -1   1  -1  -1   1\n",
       "    ⋮                   ⋮            \n",
       "   32  -1  -1  -1  -1  -1  -1   1  -1\n",
       "   57  -1  -1  -1   1  -1  -1  -1  -1\n",
       "    7  -1  -1   1   1  -1   1  -1  -1\n",
       "    9  -1  -1  -1   1   1  -1  -1  -1\n",
       "   40  -1  -1   1  -1  -1  -1  -1  -1\n",
       "    2   1  -1   1  -1  -1   1  -1  -1\n",
       "    3  -1   1  -1   1   1  -1  -1   1\n",
       "   12  -1  -1   1  -1  -1   1  -1  -1\n",
       "    2   1  -1  -1  -1  -1   1   1   1\n",
       "    2  -1  -1  -1  -1  -1   1   1   1\n",
       "    4  -1  -1   1   1  -1  -1  -1  -1\n",
       "    3  -1   1  -1  -1   1  -1  -1  -1"
      ]
     },
     "execution_count": 37,
     "metadata": {},
     "output_type": "execute_result"
    }
   ],
   "source": [
    "samples_mixed"
   ]
  },
  {
   "cell_type": "code",
   "execution_count": 38,
   "metadata": {},
   "outputs": [
    {
     "name": "stderr",
     "output_type": "stream",
     "text": [
      "┌ Warning: Due to a previously reported error, the running code does not match saved version for the following files:\n",
      "│   /Users/gogol/.julia/packages/StaticArrays/1g9bq/src/inv.jl\n",
      "│   /Users/gogol/.julia/packages/StaticArrays/1g9bq/src/eigen.jl\n",
      "└ @ Revise /Users/gogol/.julia/packages/Revise/2NCCI/src/Revise.jl:625\n",
      "┌ Info: using JuMP for RISE to learn Glauber dynamics\n",
      "└ @ GraphicalModelLearning /Users/gogol/Dropbox (Personal)/Research/LANL/Code/GML_Glauber_Dynamics.jl/src/GraphicalModelLearning.jl:359\n"
     ]
    },
    {
     "name": "stdout",
     "output_type": "stream",
     "text": [
      "  0.650411 seconds (774.17 k allocations: 38.218 MiB, 4.03% gc time)\n"
     ]
    },
    {
     "data": {
      "text/plain": [
       "8×8 Array{Float64,2}:\n",
       " -1.66617     -1.39832e-8   0.0906876   …   2.8685e-7    0.289621  \n",
       " -1.39832e-8  -1.5635      -2.05481e-8      6.03221e-8   0.877261  \n",
       "  0.0906876   -2.05481e-8  -0.876533        0.961489     3.89371e-7\n",
       "  1.56671e-5   1.44632e-6   0.582279       -1.74247e-8   0.20984   \n",
       "  0.273631     0.775498    -1.10424e-8     -2.61874e-9   0.528934  \n",
       "  0.335892     0.245449     0.931555    …   1.28555e-7   6.41255e-7\n",
       "  2.8685e-7    6.03221e-8   0.961489       -2.16092      5.41278e-7\n",
       "  0.289621     0.877261     3.89371e-7      5.41278e-7  -1.28431   "
      ]
     },
     "execution_count": 38,
     "metadata": {},
     "output_type": "execute_result"
    }
   ],
   "source": [
    "@time learned3 = learn_glauber_dynamics(samples_T, RISE())"
   ]
  },
  {
   "cell_type": "code",
   "execution_count": 40,
   "metadata": {},
   "outputs": [
    {
     "name": "stderr",
     "output_type": "stream",
     "text": [
      "┌ Warning: Due to a previously reported error, the running code does not match saved version for the following files:\n",
      "│   /Users/gogol/.julia/packages/StaticArrays/1g9bq/src/inv.jl\n",
      "│   /Users/gogol/.julia/packages/StaticArrays/1g9bq/src/eigen.jl\n",
      "└ @ Revise /Users/gogol/.julia/packages/Revise/2NCCI/src/Revise.jl:625\n"
     ]
    },
    {
     "data": {
      "text/plain": [
       "1.5667148153007594e-5"
      ]
     },
     "execution_count": 40,
     "metadata": {},
     "output_type": "execute_result"
    }
   ],
   "source": [
    "learned3[1,4]"
   ]
  },
  {
   "cell_type": "code",
   "execution_count": 39,
   "metadata": {},
   "outputs": [
    {
     "name": "stderr",
     "output_type": "stream",
     "text": [
      "┌ Warning: Due to a previously reported error, the running code does not match saved version for the following files:\n",
      "│   /Users/gogol/.julia/packages/StaticArrays/1g9bq/src/inv.jl\n",
      "│   /Users/gogol/.julia/packages/StaticArrays/1g9bq/src/eigen.jl\n",
      "└ @ Revise /Users/gogol/.julia/packages/Revise/2NCCI/src/Revise.jl:625\n"
     ]
    },
    {
     "data": {
      "text/plain": [
       "alphabet: spin\n",
       "vars: 8\n",
       "terms: 12\n"
      ]
     },
     "execution_count": 39,
     "metadata": {},
     "output_type": "execute_result"
    },
    {
     "name": "stdout",
     "output_type": "stream",
     "text": [
      "  (1, 4) => 1\n",
      "  (1, 6) => 1\n",
      "  (1, 7) => 1\n",
      "  (2, 5) => 1\n",
      "  (2, 6) => 1\n",
      "  (2, 8) => 1\n",
      "  (3, 4) => 1\n",
      "  (3, 6) => 1\n",
      "  (3, 7) => 1\n",
      "  (4, 5) => 1\n",
      "  (5, 8) => 1\n",
      "  (7, 8) => 1\n"
     ]
    }
   ],
   "source": [
    "model"
   ]
  },
  {
   "cell_type": "code",
   "execution_count": 9,
   "metadata": {},
   "outputs": [
    {
     "name": "stderr",
     "output_type": "stream",
     "text": [
      "\u001b[1m\u001b[36mINFO: \u001b[39m\u001b[22m\u001b[36musing JuMP for logRISE\n",
      "\u001b[39m"
     ]
    },
    {
     "name": "stdout",
     "output_type": "stream",
     "text": [
      "  0.313465 seconds (114.76 k allocations: 6.823 MiB, 2.70% gc time)\n"
     ]
    },
    {
     "data": {
      "text/plain": [
       "8×8 Array{Float64,2}:\n",
       " -2.14028     -1.58889e-8  -1.25146e-8  …  -1.2846e-8   -4.14576e-8\n",
       " -1.58889e-8  -3.57496     -6.30509e-9     -6.37001e-9  -2.43378e-8\n",
       " -1.25146e-8  -6.30509e-9  -2.17605        -1.01177e-8   0.405864  \n",
       "  0.900082    -6.33267e-9  -9.66594e-9     -1.23705e-8  -2.25825e-8\n",
       " -1.42339e-8  -1.09161e-8  -1.25736e-8     -7.98088e-9  -3.29126e-8\n",
       "  0.411487    -1.16774e-8  -9.43972e-8  …  -4.95636e-9   0.825051  \n",
       " -1.2846e-8   -6.37001e-9  -1.01177e-8     -2.84051     -6.94594e-9\n",
       " -4.14576e-8  -2.43378e-8   0.405864       -6.94594e-9  -2.06763   "
      ]
     },
     "execution_count": 9,
     "metadata": {},
     "output_type": "execute_result"
    }
   ],
   "source": [
    "@time learned3 = learn_glauber_dynamics(samples_T, logRISE())"
   ]
  },
  {
   "cell_type": "code",
   "execution_count": 10,
   "metadata": {},
   "outputs": [
    {
     "name": "stderr",
     "output_type": "stream",
     "text": [
      "\u001b[1m\u001b[36mINFO: \u001b[39m\u001b[22m\u001b[36musing coordinate descent solver for RISE to learn Glauber dyamics\n",
      "\u001b[39m"
     ]
    },
    {
     "name": "stdout",
     "output_type": "stream",
     "text": [
      "  0.607383 seconds (503.11 k allocations: 21.713 MiB, 1.27% gc time)\n"
     ]
    },
    {
     "data": {
      "text/plain": [
       "8×8 Array{Float64,2}:\n",
       " -0.107197   0.0          1.22241    …   0.340173     0.415589   0.0       \n",
       "  0.0       -0.153018     0.0            0.00799899   0.436205   0.00360506\n",
       "  1.22241    0.0         -0.0769112      0.116601     0.323976   0.0858942 \n",
       "  1.38093    1.44171     -0.0285571      0.180543     0.999278   0.0       \n",
       "  0.0       -0.0032805    0.0            0.00285637   1.28094   -0.00283887\n",
       "  0.340173   0.00799899   0.116601   …  -1.17865      0.0        0.457078  \n",
       "  0.415589   0.436205     0.323976       0.0         -0.085957   1.25764   \n",
       "  0.0        0.00360506   0.0858942      0.457078     1.25764   -0.00890197"
      ]
     },
     "execution_count": 10,
     "metadata": {},
     "output_type": "execute_result"
    }
   ],
   "source": [
    "@time learned4 = learn_glauber_dynamics(samples_T, RISE(), CD(1e-12))"
   ]
  },
  {
   "cell_type": "code",
   "execution_count": 11,
   "metadata": {},
   "outputs": [
    {
     "name": "stderr",
     "output_type": "stream",
     "text": [
      "\u001b[1m\u001b[36mINFO: \u001b[39m\u001b[22m\u001b[36musing coordinate descent solver for logRISE to learn Glauber dyamics\n",
      "\u001b[39m"
     ]
    },
    {
     "name": "stdout",
     "output_type": "stream",
     "text": [
      "  0.553011 seconds (581.64 k allocations: 20.930 MiB, 1.37% gc time)\n"
     ]
    },
    {
     "data": {
      "text/plain": [
       "8×8 Array{Float64,2}:\n",
       " -0.0285953  -0.0642272   0.248019   …   0.0553199   1.4514     -0.116781 \n",
       " -0.0642272  -2.1239      0.179769       0.357494    0.0229146   0.940404 \n",
       "  0.248019    0.179769   -0.554528      -0.0716104   0.0         0.49142  \n",
       "  1.1854      0.340155    0.231909       0.0261319   0.0299458   0.0      \n",
       "  0.622822    0.0134102   0.215414      -0.0614097   0.0052145   0.251611 \n",
       "  0.0553199   0.357494   -0.0716104  …  -0.186637    1.31801     0.248352 \n",
       "  1.4514      0.0229146   0.0            1.31801    -2.84051     0.0700877\n",
       " -0.116781    0.940404    0.49142        0.248352    0.0700877  -0.0321256"
      ]
     },
     "execution_count": 11,
     "metadata": {},
     "output_type": "execute_result"
    }
   ],
   "source": [
    "@time learned4 = learn_glauber_dynamics(samples_T, logRISE(), CD(1e-12))"
   ]
  },
  {
   "cell_type": "code",
   "execution_count": 12,
   "metadata": {},
   "outputs": [
    {
     "data": {
      "text/plain": [
       "8×8 Array{Float64,2}:\n",
       " -2.02741     -1.16768e-7  -7.00789e-9  …  -1.09769e-7  -1.87821e-8\n",
       " -1.16768e-7  -3.18771     -3.12858e-8     -2.33222e-8  -2.19874e-7\n",
       " -7.00789e-9  -3.12858e-8  -2.92007        -2.98532e-8   1.3566e-7 \n",
       "  0.265045    -6.33775e-8  -6.13265e-9     -6.00668e-8  -1.14809e-8\n",
       " -5.91102e-9  -2.208e-8    -4.04959e-9     -2.11606e-8  -7.89675e-9\n",
       "  0.506052    -1.93894e-7  -7.94019e-9  …  -1.80874e-7   0.684217  \n",
       " -1.09769e-7  -2.33222e-8  -2.98532e-8     -3.2504      -2.04171e-7\n",
       " -1.87821e-8  -2.19874e-7   1.3566e-7      -2.04171e-7  -1.9471    "
      ]
     },
     "execution_count": 12,
     "metadata": {},
     "output_type": "execute_result"
    }
   ],
   "source": [
    "learned4 = learn(samples_mixed)"
   ]
  },
  {
   "cell_type": "code",
   "execution_count": 30,
   "metadata": {},
   "outputs": [
    {
     "data": {
      "text/plain": [
       "alphabet: spin\n",
       "vars: 8\n",
       "terms: 12\n"
      ]
     },
     "execution_count": 30,
     "metadata": {},
     "output_type": "execute_result"
    },
    {
     "name": "stdout",
     "output_type": "stream",
     "text": [
      "  (1, 2) => 1\n",
      "  (1, 3) => 1\n",
      "  (1, 5) => 1\n",
      "  (2, 3) => 1\n",
      "  (2, 6) => 1\n",
      "  (3, 5) => 1\n",
      "  (4, 6) => 1\n",
      "  (4, 7) => 1\n",
      "  (4, 8) => 1\n",
      "  (5, 7) => 1\n",
      "  (6, 8) => 1\n",
      "  (7, 8) => 1\n"
     ]
    }
   ],
   "source": [
    "model"
   ]
  },
  {
   "cell_type": "code",
   "execution_count": 61,
   "metadata": {},
   "outputs": [
    {
     "name": "stdout",
     "output_type": "stream",
     "text": [
      "  0.011214 seconds (91.09 k allocations: 1.962 MiB)\n"
     ]
    },
    {
     "name": "stderr",
     "output_type": "stream",
     "text": [
      "\u001b[1m\u001b[36mINFO: \u001b[39m\u001b[22m\u001b[36musing coordinate gradient solver for RISE\n",
      "\u001b[39m"
     ]
    },
    {
     "data": {
      "text/plain": [
       "3×3 Array{Float64,2}:\n",
       " 0.0137192   0.856471    0.0612671\n",
       " 0.856471   -0.027355    0.0979819\n",
       " 0.0612671   0.0979819  -0.0173443"
      ]
     },
     "execution_count": 61,
     "metadata": {},
     "output_type": "execute_result"
    }
   ],
   "source": [
    "@time learned4 = learn_glauber_dynamics_cgd(samples_T)"
   ]
  },
  {
   "cell_type": "code",
   "execution_count": 11,
   "metadata": {
    "scrolled": true
   },
   "outputs": [
    {
     "name": "stderr",
     "output_type": "stream",
     "text": [
      "\u001b[1m\u001b[36mINFO: \u001b[39m\u001b[22m\u001b[36musing coordinate gradient solver for RISE\n",
      "\u001b[39m"
     ]
    },
    {
     "name": "stdout",
     "output_type": "stream",
     "text": [
      "  0.018075 seconds (113.89 k allocations: 2.454 MiB)\n"
     ]
    },
    {
     "data": {
      "text/plain": [
       "3×3 Array{Float64,2}:\n",
       " 0.0137234   0.856503    0.0613336\n",
       " 0.856503   -0.0273728   0.0978732\n",
       " 0.0613336   0.0978732  -0.0173494"
      ]
     },
     "execution_count": 11,
     "metadata": {},
     "output_type": "execute_result"
    }
   ],
   "source": [
    "@time learned5 = learn_glauber_dynamics_cgd(samples_T, RISE(), 8.0, 1e-10)"
   ]
  },
  {
   "cell_type": "code",
   "execution_count": 12,
   "metadata": {},
   "outputs": [
    {
     "name": "stdout",
     "output_type": "stream",
     "text": [
      "  0.017757 seconds (129.83 k allocations: 2.797 MiB)\n"
     ]
    },
    {
     "name": "stderr",
     "output_type": "stream",
     "text": [
      "\u001b[1m\u001b[36mINFO: \u001b[39m\u001b[22m\u001b[36musing coordinate gradient solver for RISE\n",
      "\u001b[39m"
     ]
    },
    {
     "data": {
      "text/plain": [
       "3×3 Array{Float64,2}:\n",
       " 0.0137237   0.85651     0.0613362\n",
       " 0.85651    -0.0273761   0.0978637\n",
       " 0.0613362   0.0978637  -0.0173498"
      ]
     },
     "execution_count": 12,
     "metadata": {},
     "output_type": "execute_result"
    }
   ],
   "source": [
    "@time learned5 = learn_glauber_dynamics_cgd(samples_T, RISE(), 8.0, 1e-11)"
   ]
  },
  {
   "cell_type": "code",
   "execution_count": 13,
   "metadata": {},
   "outputs": [
    {
     "name": "stderr",
     "output_type": "stream",
